c0_left	c0_right	c_front	c_back	c_mean	dcdx_mean	p0	dNu
3e-007	0	1.50482e-007	1.46093e-007	1.48288e-007	0.000438894	1e-014	0.000144862
3e-007	0	1.50039e-007	1.45654e-007	1.47846e-007	0.000438486	1.25893e-014	0.000144732
3e-007	0	1.49483e-007	1.45103e-007	1.47293e-007	0.000437972	1.58489e-014	0.000144568
3e-007	0	1.48788e-007	1.44415e-007	1.46601e-007	0.000437327	1.99526e-014	0.000144361
3e-007	0	1.47921e-007	1.43555e-007	1.45738e-007	0.000436516	2.51189e-014	0.000144102
3e-007	0	1.46839e-007	1.42484e-007	1.44662e-007	0.000435498	3.16228e-014	0.000143776
3e-007	0	1.45496e-007	1.41154e-007	1.43325e-007	0.000434221	3.98107e-014	0.000143367
3e-007	0	1.43831e-007	1.39505e-007	1.41668e-007	0.00043262	5.01187e-014	0.000142854
3e-007	0	1.41777e-007	1.37471e-007	1.39624e-007	0.000430616	6.30957e-014	0.000142212
3e-007	0	1.39255e-007	1.34974e-007	1.37115e-007	0.00042811	7.94328e-014	0.000141408
3e-007	0	1.36178e-007	1.31928e-007	1.34053e-007	0.000424982	1e-013	0.000140403
4.75468e-007	0	2.38499e-007	2.31543e-007	2.35021e-007	0.000695603	1e-014	0.000228277
4.75468e-007	0	2.37796e-007	2.30847e-007	2.34321e-007	0.000694956	1.25893e-014	0.000228075
4.75468e-007	0	2.36916e-007	2.29974e-007	2.33445e-007	0.000694142	1.58489e-014	0.000227821
4.75468e-007	0	2.35814e-007	2.28883e-007	2.32349e-007	0.000693119	1.99526e-014	0.000227502
4.75468e-007	0	2.34439e-007	2.27521e-007	2.3098e-007	0.000691834	2.51189e-014	0.000227101
4.75468e-007	0	2.32726e-007	2.25824e-007	2.29275e-007	0.000690221	3.16228e-014	0.000226597
4.75468e-007	0	2.30596e-007	2.23714e-007	2.27155e-007	0.000688197	3.98107e-014	0.000225964
4.75468e-007	0	2.27958e-007	2.21101e-007	2.2453e-007	0.00068566	5.01187e-014	0.00022517
4.75468e-007	0	2.24703e-007	2.17878e-007	2.2129e-007	0.000682484	6.30957e-014	0.000224175
4.75468e-007	0	2.20706e-007	2.13921e-007	2.17313e-007	0.000678512	7.94328e-014	0.000222929
4.75468e-007	0	2.15829e-007	2.09093e-007	2.12461e-007	0.000673554	1e-013	0.000221371
7.53566e-007	0	3.77996e-007	3.66971e-007	3.72484e-007	0.00110246	1e-014	0.000358528
7.53566e-007	0	3.76882e-007	3.65868e-007	3.71375e-007	0.00110143	1.25893e-014	0.00035822
7.53566e-007	0	3.75486e-007	3.64485e-007	3.69986e-007	0.00110014	1.58489e-014	0.000357833
7.53566e-007	0	3.73741e-007	3.62756e-007	3.68248e-007	0.00109852	1.99526e-014	0.000357347
7.53566e-007	0	3.71562e-007	3.60597e-007	3.66079e-007	0.00109648	2.51189e-014	0.000356735
7.53566e-007	0	3.68846e-007	3.57907e-007	3.63376e-007	0.00109393	3.16228e-014	0.000355967
7.53566e-007	0	3.65471e-007	3.54564e-007	3.60017e-007	0.00109072	3.98107e-014	0.000355002
7.53566e-007	0	3.61289e-007	3.50422e-007	3.55856e-007	0.0010867	5.01187e-014	0.00035379
7.53566e-007	0	3.5613e-007	3.45314e-007	3.50722e-007	0.00108166	6.30957e-014	0.00035227
7.53566e-007	0	3.49796e-007	3.39042e-007	3.44419e-007	0.00107537	7.94328e-014	0.000350366
7.53566e-007	0	3.42066e-007	3.31391e-007	3.36728e-007	0.00106751	1e-013	0.000347982
1.19432e-006	0	5.99069e-007	5.81597e-007	5.90333e-007	0.00174724	1e-014	0.000560151
1.19432e-006	0	5.97304e-007	5.79848e-007	5.88576e-007	0.00174561	1.25893e-014	0.000559694
1.19432e-006	0	5.95092e-007	5.77656e-007	5.86374e-007	0.00174357	1.58489e-014	0.000559119
1.19432e-006	0	5.92325e-007	5.74916e-007	5.83621e-007	0.001741	1.99526e-014	0.000558395
1.19432e-006	0	5.88872e-007	5.71494e-007	5.80183e-007	0.00173777	2.51189e-014	0.000557485
1.19432e-006	0	5.84568e-007	5.67231e-007	5.75899e-007	0.00173372	3.16228e-014	0.000556341
1.19432e-006	0	5.79219e-007	5.61932e-007	5.70575e-007	0.00172863	3.98107e-014	0.000554903
1.19432e-006	0	5.72592e-007	5.55369e-007	5.6398e-007	0.00172226	5.01187e-014	0.000553096
1.19432e-006	0	5.64415e-007	5.47272e-007	5.55844e-007	0.00171428	6.30957e-014	0.000550827
1.19432e-006	0	5.54376e-007	5.37333e-007	5.45854e-007	0.00170431	7.94328e-014	0.00054798
1.19432e-006	0	5.42125e-007	5.25207e-007	5.33666e-007	0.00169185	1e-013	0.00054441
1.89287e-006	0	9.49492e-007	9.21799e-007	9.35646e-007	0.00276928	1e-014	0.000868099
1.89287e-006	0	9.46694e-007	9.19027e-007	9.3286e-007	0.0027667	1.25893e-014	0.000867447
1.89287e-006	0	9.43188e-007	9.15553e-007	9.29371e-007	0.00276346	1.58489e-014	0.000866627
1.89287e-006	0	9.38803e-007	9.1121e-007	9.25006e-007	0.00275939	1.99526e-014	0.000865594
1.89287e-006	0	9.33329e-007	9.05787e-007	9.19558e-007	0.00275427	2.51189e-014	0.000864294
1.89287e-006	0	9.26508e-007	8.99029e-007	9.12768e-007	0.00274785	3.16228e-014	0.000862657
1.89287e-006	0	9.1803e-007	8.90632e-007	9.04331e-007	0.00273979	3.98107e-014	0.000860597
1.89287e-006	0	9.07527e-007	8.8023e-007	8.93878e-007	0.00272969	5.01187e-014	0.000858005
1.89287e-006	0	8.94567e-007	8.67397e-007	8.80982e-007	0.00271704	6.30957e-014	0.000854744
1.89287e-006	0	8.78656e-007	8.51643e-007	8.65149e-007	0.00270123	7.94328e-014	0.000850641
1.89287e-006	0	8.59239e-007	8.32424e-007	8.45831e-007	0.0026815	1e-013	0.000845484
3e-006	0	1.50482e-006	1.46093e-006	1.48288e-006	0.00438894	1e-014	0.00132841
3e-006	0	1.50039e-006	1.45654e-006	1.47846e-006	0.00438486	1.25893e-014	0.00132755
3e-006	0	1.49483e-006	1.45103e-006	1.47293e-006	0.00437972	1.58489e-014	0.00132646
3e-006	0	1.48788e-006	1.44415e-006	1.46601e-006	0.00437327	1.99526e-014	0.00132509
3e-006	0	1.47921e-006	1.43555e-006	1.45738e-006	0.00436516	2.51189e-014	0.00132336
3e-006	0	1.46839e-006	1.42484e-006	1.44662e-006	0.00435498	3.16228e-014	0.00132117
3e-006	0	1.45496e-006	1.41154e-006	1.43325e-006	0.00434221	3.98107e-014	0.00131842
3e-006	0	1.43831e-006	1.39505e-006	1.41668e-006	0.0043262	5.01187e-014	0.00131495
3e-006	0	1.41777e-006	1.37471e-006	1.39624e-006	0.00430616	6.30957e-014	0.00131056
3e-006	0	1.39255e-006	1.34974e-006	1.37115e-006	0.0042811	7.94328e-014	0.00130502
3e-006	0	1.36178e-006	1.31928e-006	1.34053e-006	0.00424982	1e-013	0.00129801
4.75468e-006	0	2.38499e-006	2.31543e-006	2.35021e-006	0.00695603	1e-014	0.00199402
4.75468e-006	0	2.37796e-006	2.30847e-006	2.34321e-006	0.00694956	1.25893e-014	0.00199302
4.75468e-006	0	2.36916e-006	2.29974e-006	2.33445e-006	0.00694142	1.58489e-014	0.00199177
4.75468e-006	0	2.35814e-006	2.28883e-006	2.32349e-006	0.00693119	1.99526e-014	0.00199018
4.75468e-006	0	2.34439e-006	2.27521e-006	2.3098e-006	0.00691834	2.51189e-014	0.00198818
4.75468e-006	0	2.32726e-006	2.25824e-006	2.29275e-006	0.00690221	3.16228e-014	0.00198564
4.75468e-006	0	2.30596e-006	2.23714e-006	2.27155e-006	0.00688197	3.98107e-014	0.00198242
4.75468e-006	0	2.27958e-006	2.21101e-006	2.2453e-006	0.0068566	5.01187e-014	0.00197833
4.75468e-006	0	2.24703e-006	2.17878e-006	2.2129e-006	0.00682484	6.30957e-014	0.00197312
4.75468e-006	0	2.20706e-006	2.13921e-006	2.17313e-006	0.00678512	7.94328e-014	0.00196649
4.75468e-006	0	2.15829e-006	2.09093e-006	2.12461e-006	0.00673554	1e-013	0.00195803
7.53566e-006	0	3.77996e-006	3.66971e-006	3.72484e-006	0.0110246	1e-014	0.00290794
7.53566e-006	0	3.76882e-006	3.65868e-006	3.71375e-006	0.0110143	1.25893e-014	0.00290714
7.53566e-006	0	3.75486e-006	3.64485e-006	3.69986e-006	0.0110014	1.58489e-014	0.00290613
7.53566e-006	0	3.73741e-006	3.62756e-006	3.68248e-006	0.0109852	1.99526e-014	0.00290484
7.53566e-006	0	3.71562e-006	3.60597e-006	3.66079e-006	0.0109648	2.51189e-014	0.0029032
7.53566e-006	0	3.68846e-006	3.57907e-006	3.63376e-006	0.0109393	3.16228e-014	0.00290108
7.53566e-006	0	3.65471e-006	3.54564e-006	3.60017e-006	0.0109072	3.98107e-014	0.00289836
7.53566e-006	0	3.61289e-006	3.50422e-006	3.55856e-006	0.010867	5.01187e-014	0.00289484
7.53566e-006	0	3.5613e-006	3.45314e-006	3.50722e-006	0.0108166	6.30957e-014	0.00289027
7.53566e-006	0	3.49796e-006	3.39042e-006	3.44419e-006	0.0107537	7.94328e-014	0.00288429
7.53566e-006	0	3.42066e-006	3.31391e-006	3.36728e-006	0.0106751	1e-013	0.00287643
1.19432e-005	0	5.99069e-006	5.81597e-006	5.90333e-006	0.0174724	1e-014	0.00406636
1.19432e-005	0	5.97304e-006	5.79848e-006	5.88576e-006	0.0174561	1.25893e-014	0.00406656
1.19432e-005	0	5.95092e-006	5.77656e-006	5.86374e-006	0.0174357	1.58489e-014	0.00406679
1.19432e-005	0	5.92325e-006	5.74916e-006	5.83621e-006	0.01741	1.99526e-014	0.00406703
1.19432e-005	0	5.88872e-006	5.71494e-006	5.80183e-006	0.0173777	2.51189e-014	0.0040673
1.19432e-005	0	5.84568e-006	5.67231e-006	5.75899e-006	0.0173372	3.16228e-014	0.00406754
1.19432e-005	0	5.79219e-006	5.61932e-006	5.70575e-006	0.0172863	3.98107e-014	0.00406772
1.19432e-005	0	5.72592e-006	5.55369e-006	5.6398e-006	0.0172226	5.01187e-014	0.00406773
1.19432e-005	0	5.64415e-006	5.47272e-006	5.55844e-006	0.0171428	6.30957e-014	0.00406744
1.19432e-005	0	5.54376e-006	5.37333e-006	5.45854e-006	0.0170431	7.94328e-014	0.00406658
1.19432e-005	0	5.42125e-006	5.25207e-006	5.33666e-006	0.0169185	1e-013	0.00406477
1.89287e-005	0	9.49492e-006	9.21799e-006	9.35646e-006	0.0276928	1e-014	0.00536365
1.89287e-005	0	9.46694e-006	9.19027e-006	9.3286e-006	0.027667	1.25893e-014	0.00536626
1.89287e-005	0	9.43188e-006	9.15553e-006	9.29371e-006	0.0276346	1.58489e-014	0.0053695
1.89287e-005	0	9.38803e-006	9.1121e-006	9.25006e-006	0.0275939	1.99526e-014	0.00537351
1.89287e-005	0	9.33329e-006	9.05787e-006	9.19558e-006	0.0275427	2.51189e-014	0.00537847
1.89287e-005	0	9.26508e-006	8.99029e-006	9.12768e-006	0.0274785	3.16228e-014	0.00538457
1.89287e-005	0	9.1803e-006	8.90632e-006	9.04331e-006	0.0273979	3.98107e-014	0.00539201
1.89287e-005	0	9.07527e-006	8.8023e-006	8.93878e-006	0.0272969	5.01187e-014	0.00540101
1.89287e-005	0	8.94567e-006	8.67397e-006	8.80982e-006	0.0271704	6.30957e-014	0.00541178
1.89287e-005	0	8.78656e-006	8.51643e-006	8.65149e-006	0.0270123	7.94328e-014	0.00542445
1.89287e-005	0	8.59239e-006	8.32424e-006	8.45831e-006	0.026815	1e-013	0.00543905
3e-005	0	1.50482e-005	1.46093e-005	1.48288e-005	0.0438894	1e-014	0.00655206
3e-005	0	1.50039e-005	1.45654e-005	1.47846e-005	0.0438486	1.25893e-014	0.00655887
3e-005	0	1.49483e-005	1.45103e-005	1.47293e-005	0.0437972	1.58489e-014	0.0065674
3e-005	0	1.48788e-005	1.44415e-005	1.46601e-005	0.0437327	1.99526e-014	0.00657805
3e-005	0	1.47921e-005	1.43555e-005	1.45738e-005	0.0436516	2.51189e-014	0.00659132
3e-005	0	1.46839e-005	1.42484e-005	1.44662e-005	0.0435498	3.16228e-014	0.00660782
3e-005	0	1.45496e-005	1.41154e-005	1.43325e-005	0.0434221	3.98107e-014	0.00662825
3e-005	0	1.43831e-005	1.39505e-005	1.41668e-005	0.043262	5.01187e-014	0.00665345
3e-005	0	1.41777e-005	1.37471e-005	1.39624e-005	0.0430616	6.30957e-014	0.00668435
3e-005	0	1.39255e-005	1.34974e-005	1.37115e-005	0.042811	7.94328e-014	0.00672196
3e-005	0	1.36178e-005	1.31928e-005	1.34053e-005	0.0424982	1e-013	0.00676731
4.75468e-005	0	2.38499e-005	2.31543e-005	2.35021e-005	0.0695603	1e-014	0.00729053
4.75468e-005	0	2.37796e-005	2.30847e-005	2.34321e-005	0.0694956	1.25893e-014	0.00730284
4.75468e-005	0	2.36916e-005	2.29974e-005	2.33445e-005	0.0694142	1.58489e-014	0.00731828
4.75468e-005	0	2.35814e-005	2.28883e-005	2.32349e-005	0.0693119	1.99526e-014	0.00733762
4.75468e-005	0	2.34439e-005	2.27521e-005	2.3098e-005	0.0691834	2.51189e-014	0.00736182
4.75468e-005	0	2.32726e-005	2.25824e-005	2.29275e-005	0.0690221	3.16228e-014	0.00739206
4.75468e-005	0	2.30596e-005	2.23714e-005	2.27155e-005	0.0688197	3.98107e-014	0.00742977
4.75468e-005	0	2.27958e-005	2.21101e-005	2.2453e-005	0.068566	5.01187e-014	0.00747668
4.75468e-005	0	2.24703e-005	2.17878e-005	2.2129e-005	0.0682484	6.30957e-014	0.00753482
4.75468e-005	0	2.20706e-005	2.13921e-005	2.17313e-005	0.0678512	7.94328e-014	0.00760659
4.75468e-005	0	2.15829e-005	2.09093e-005	2.12461e-005	0.0673554	1e-013	0.00769469
7.53566e-005	0	3.77996e-005	3.66971e-005	3.72484e-005	0.110246	1e-014	0.0073139
7.53566e-005	0	3.76882e-005	3.65868e-005	3.71375e-005	0.110143	1.25893e-014	0.00733125
7.53566e-005	0	3.75486e-005	3.64485e-005	3.69986e-005	0.110014	1.58489e-014	0.00735306
7.53566e-005	0	3.73741e-005	3.62756e-005	3.68248e-005	0.109852	1.99526e-014	0.00738046
7.53566e-005	0	3.71562e-005	3.60597e-005	3.66079e-005	0.109648	2.51189e-014	0.00741483
7.53566e-005	0	3.68846e-005	3.57907e-005	3.63376e-005	0.109393	3.16228e-014	0.00745795
7.53566e-005	0	3.65471e-005	3.54564e-005	3.60017e-005	0.109072	3.98107e-014	0.00751197
7.53566e-005	0	3.61289e-005	3.50422e-005	3.55856e-005	0.10867	5.01187e-014	0.00757955
7.53566e-005	0	3.5613e-005	3.45314e-005	3.50722e-005	0.108166	6.30957e-014	0.00766396
7.53566e-005	0	3.49796e-005	3.39042e-005	3.44419e-005	0.107537	7.94328e-014	0.00776914
7.53566e-005	0	3.42066e-005	3.31391e-005	3.36728e-005	0.106751	1e-013	0.00789981
0.000119432	0	5.99069e-005	5.81597e-005	5.90333e-005	0.174724	1e-014	0.00661317
0.000119432	0	5.97304e-005	5.79848e-005	5.88576e-005	0.174561	1.25893e-014	0.00663318
0.000119432	0	5.95092e-005	5.77656e-005	5.86374e-005	0.174357	1.58489e-014	0.00665837
0.000119432	0	5.92325e-005	5.74916e-005	5.83621e-005	0.1741	1.99526e-014	0.00669006
0.000119432	0	5.88872e-005	5.71494e-005	5.80183e-005	0.173777	2.51189e-014	0.00672992
0.000119432	0	5.84568e-005	5.67231e-005	5.75899e-005	0.173372	3.16228e-014	0.00678007
0.000119432	0	5.79219e-005	5.61932e-005	5.70575e-005	0.172863	3.98107e-014	0.00684312
0.000119432	0	5.72592e-005	5.55369e-005	5.6398e-005	0.172226	5.01187e-014	0.00692239
0.000119432	0	5.64415e-005	5.47272e-005	5.55844e-005	0.171428	6.30957e-014	0.00702196
0.000119432	0	5.54376e-005	5.37333e-005	5.45854e-005	0.170431	7.94328e-014	0.00714697
0.000119432	0	5.42125e-005	5.25207e-005	5.33666e-005	0.169185	1e-013	0.00730373
0.000189287	0	9.49492e-005	9.21799e-005	9.35646e-005	0.276928	1e-014	0.00544194
0.000189287	0	9.46694e-005	9.19027e-005	9.3286e-005	0.27667	1.25893e-014	0.00546148
0.000189287	0	9.43188e-005	9.15553e-005	9.29371e-005	0.276346	1.58489e-014	0.00548609
0.000189287	0	9.38803e-005	9.1121e-005	9.25006e-005	0.275939	1.99526e-014	0.00551711
0.000189287	0	9.33329e-005	9.05787e-005	9.19558e-005	0.275427	2.51189e-014	0.00555621
0.000189287	0	9.26508e-005	8.99029e-005	9.12768e-005	0.274785	3.16228e-014	0.00560549
0.000189287	0	9.1803e-005	8.90632e-005	9.04331e-005	0.273979	3.98107e-014	0.00566765
0.000189287	0	9.07527e-005	8.8023e-005	8.93878e-005	0.272969	5.01187e-014	0.00574608
0.000189287	0	8.94567e-005	8.67397e-005	8.80982e-005	0.271704	6.30957e-014	0.00584506
0.000189287	0	8.78656e-005	8.51643e-005	8.65149e-005	0.270123	7.94328e-014	0.00597006
0.000189287	0	8.59239e-005	8.32424e-005	8.45831e-005	0.26815	1e-013	0.00612797
0.0003	0	0.000150482	0.000146093	0.000148288	0.438894	1e-014	0.0041429
0.0003	0	0.000150039	0.000145654	0.000147846	0.438486	1.25893e-014	0.00415962
0.0003	0	0.000149483	0.000145103	0.000147293	0.437972	1.58489e-014	0.00418071
0.0003	0	0.000148788	0.000144415	0.000146601	0.437327	1.99526e-014	0.00420732
0.0003	0	0.000147921	0.000143555	0.000145738	0.436516	2.51189e-014	0.00424089
0.0003	0	0.000146839	0.000142484	0.000144662	0.435498	3.16228e-014	0.0042833
0.0003	0	0.000145496	0.000141154	0.000143325	0.434221	3.98107e-014	0.0043369
0.0003	0	0.000143831	0.000139505	0.000141668	0.43262	5.01187e-014	0.00440472
0.0003	0	0.000141777	0.000137471	0.000139624	0.430616	6.30957e-014	0.00449062
0.0003	0	0.000139255	0.000134974	0.000137115	0.42811	7.94328e-014	0.00459957
0.0003	0	0.000136178	0.000131928	0.000134053	0.424982	1e-013	0.004738
0.000475468	0	0.000238499	0.000231543	0.000235021	0.695603	1e-014	0.00297164
0.000475468	0	0.000237796	0.000230847	0.000234321	0.694956	1.25893e-014	0.00298462
0.000475468	0	0.000236916	0.000229974	0.000233445	0.694142	1.58489e-014	0.003001
0.000475468	0	0.000235814	0.000228883	0.000232349	0.693119	1.99526e-014	0.00302167
0.000475468	0	0.000234439	0.000227521	0.00023098	0.691834	2.51189e-014	0.00304779
0.000475468	0	0.000232726	0.000225824	0.000229275	0.690221	3.16228e-014	0.00308082
0.000475468	0	0.000230596	0.000223714	0.000227155	0.688197	3.98107e-014	0.00312263
0.000475468	0	0.000227958	0.000221101	0.00022453	0.68566	5.01187e-014	0.00317565
0.000475468	0	0.000224703	0.000217878	0.00022129	0.682484	6.30957e-014	0.00324296
0.000475468	0	0.000220706	0.000213921	0.000217313	0.678512	7.94328e-014	0.00332863
0.000475468	0	0.000215829	0.000209093	0.000212461	0.673554	1e-013	0.00343791
0.000753566	0	0.000377996	0.000366971	0.000372484	1.10246	1e-014	0.00204206
0.000753566	0	0.000376882	0.000365868	0.000371375	1.10143	1.25893e-014	0.00205145
0.000753566	0	0.000375486	0.000364485	0.000369986	1.10014	1.58489e-014	0.0020633
0.000753566	0	0.000373741	0.000362756	0.000368248	1.09852	1.99526e-014	0.00207828
0.000753566	0	0.000371562	0.000360597	0.000366079	1.09648	2.51189e-014	0.00209721
0.000753566	0	0.000368846	0.000357907	0.000363376	1.09393	3.16228e-014	0.00212118
0.000753566	0	0.000365471	0.000354564	0.000360017	1.09072	3.98107e-014	0.00215155
0.000753566	0	0.000361289	0.000350422	0.000355856	1.0867	5.01187e-014	0.00219011
0.000753566	0	0.00035613	0.000345314	0.000350722	1.08166	6.30957e-014	0.00223916
0.000753566	0	0.000349796	0.000339042	0.000344419	1.07537	7.94328e-014	0.00230172
0.000753566	0	0.000342066	0.000331391	0.000336728	1.06751	1e-013	0.00238176
0.00119432	0	0.000599069	0.000581597	0.000590333	1.74724	1e-014	0.00136241
0.00119432	0	0.000597304	0.000579848	0.000588576	1.74561	1.25893e-014	0.00136889
0.00119432	0	0.000595092	0.000577656	0.000586374	1.74357	1.58489e-014	0.00137708
0.00119432	0	0.000592325	0.000574916	0.000583621	1.741	1.99526e-014	0.00138742
0.00119432	0	0.000588872	0.000571494	0.000580183	1.73777	2.51189e-014	0.0014005
0.00119432	0	0.000584568	0.000567231	0.000575899	1.73372	3.16228e-014	0.00141706
0.00119432	0	0.000579219	0.000561932	0.000570575	1.72863	3.98107e-014	0.00143807
0.00119432	0	0.000572592	0.000555369	0.00056398	1.72226	5.01187e-014	0.00146476
0.00119432	0	0.000564415	0.000547272	0.000555844	1.71428	6.30957e-014	0.00149876
0.00119432	0	0.000554376	0.000537333	0.000545854	1.70431	7.94328e-014	0.00154219
0.00119432	0	0.000542125	0.000525207	0.000533666	1.69185	1e-013	0.00159786
0.00189287	0	0.000949492	0.000921799	0.000935646	2.76928	1e-014	0.00089113
0.00189287	0	0.000946694	0.000919027	0.00093286	2.7667	1.25893e-014	0.00089546
0.00189287	0	0.000943188	0.000915553	0.000929371	2.76346	1.58489e-014	0.000900931
0.00189287	0	0.000938803	0.00091121	0.000925006	2.75939	1.99526e-014	0.000907845
0.00189287	0	0.000933329	0.000905787	0.000919558	2.75427	2.51189e-014	0.000916592
0.00189287	0	0.000926508	0.000899029	0.000912768	2.74785	3.16228e-014	0.000927676
0.00189287	0	0.00091803	0.000890632	0.000904331	2.73979	3.98107e-014	0.00094174
0.00189287	0	0.000907527	0.00088023	0.000893878	2.72969	5.01187e-014	0.000959622
0.00189287	0	0.000894567	0.000867397	0.000880982	2.71704	6.30957e-014	0.000982416
0.00189287	0	0.000878656	0.000851643	0.000865149	2.70123	7.94328e-014	0.00101156
0.00189287	0	0.000859239	0.000832424	0.000845831	2.6815	1e-013	0.00104896
0.003	0	0.00150482	0.00146093	0.00148288	4.38894	1e-014	0.000575394
0.003	0	0.00150039	0.00145654	0.00147846	4.38486	1.25893e-014	0.000578229
0.003	0	0.00149483	0.00145103	0.00147293	4.37972	1.58489e-014	0.00058181
0.003	0	0.00148788	0.00144415	0.00146601	4.37327	1.99526e-014	0.000586338
0.003	0	0.00147921	0.00143555	0.00145738	4.36516	2.51189e-014	0.000592068
0.003	0	0.00146839	0.00142484	0.00144662	4.35498	3.16228e-014	0.000599329
0.003	0	0.00145496	0.00141154	0.00143325	4.34221	3.98107e-014	0.000608545
0.003	0	0.00143831	0.00139505	0.00141668	4.3262	5.01187e-014	0.000620269
0.003	0	0.00141777	0.00137471	0.00139624	4.30616	6.30957e-014	0.000635221
0.003	0	0.00139255	0.00134974	0.00137115	4.2811	7.94328e-014	0.000654349
0.003	0	0.00136178	0.00131928	0.00134053	4.24982	1e-013	0.000678919
0.00475468	0	0.00238499	0.00231543	0.00235021	6.95603	1e-014	0.000368421
0.00475468	0	0.00237796	0.00230847	0.00234321	6.94956	1.25893e-014	0.000370252
0.00475468	0	0.00236916	0.00229974	0.00233445	6.94142	1.58489e-014	0.000372566
0.00475468	0	0.00235814	0.00228883	0.00232349	6.93119	1.99526e-014	0.000375491
0.00475468	0	0.00234439	0.00227521	0.0023098	6.91834	2.51189e-014	0.000379193
0.00475468	0	0.00232726	0.00225824	0.00229275	6.90221	3.16228e-014	0.000383885
0.00475468	0	0.00230596	0.00223714	0.00227155	6.88197	3.98107e-014	0.000389843
0.00475468	0	0.00227958	0.00221101	0.0022453	6.8566	5.01187e-014	0.000397423
0.00475468	0	0.00224703	0.00217878	0.0022129	6.82484	6.30957e-014	0.000407092
0.00475468	0	0.00220706	0.00213921	0.00217313	6.78512	7.94328e-014	0.000419469
0.00475468	0	0.00215829	0.00209093	0.00212461	6.73554	1e-013	0.000435374
0.00753566	0	0.00377996	0.00366971	0.00372484	11.0246	1e-014	0.000234636
0.00753566	0	0.00376882	0.00365868	0.00371375	11.0143	1.25893e-014	0.000235809
0.00753566	0	0.00375486	0.00364485	0.00369986	11.0014	1.58489e-014	0.00023729
0.00753566	0	0.00373741	0.00362756	0.00368248	10.9852	1.99526e-014	0.000239164
0.00753566	0	0.00371562	0.00360597	0.00366079	10.9648	2.51189e-014	0.000241535
0.00753566	0	0.00368846	0.00357907	0.00363376	10.9393	3.16228e-014	0.000244541
0.00753566	0	0.00365471	0.00354564	0.00360017	10.9072	3.98107e-014	0.000248358
0.00753566	0	0.00361289	0.00350422	0.00355856	10.867	5.01187e-014	0.000253215
0.00753566	0	0.0035613	0.00345314	0.00350722	10.8166	6.30957e-014	0.000259413
0.00753566	0	0.00349796	0.00339042	0.00344419	10.7537	7.94328e-014	0.000267348
0.00753566	0	0.00342066	0.00331391	0.00336728	10.6751	1e-013	0.000277548
0.0119432	0	0.00599069	0.00581597	0.00590333	17.4724	1e-014	0.000148926
0.0119432	0	0.00597304	0.00579848	0.00588576	17.4561	1.25893e-014	0.000149673
0.0119432	0	0.00595092	0.00577656	0.00586374	17.4357	1.58489e-014	0.000150617
0.0119432	0	0.00592325	0.00574916	0.00583621	17.41	1.99526e-014	0.00015181
0.0119432	0	0.00588872	0.00571494	0.00580183	17.3777	2.51189e-014	0.000153321
0.0119432	0	0.00584568	0.00567231	0.00575899	17.3372	3.16228e-014	0.000155236
0.0119432	0	0.00579219	0.00561932	0.00570575	17.2863	3.98107e-014	0.000157667
0.0119432	0	0.00572592	0.00555369	0.0056398	17.2226	5.01187e-014	0.000160762
0.0119432	0	0.00564415	0.00547272	0.00555844	17.1428	6.30957e-014	0.000164712
0.0119432	0	0.00554376	0.00537333	0.00545854	17.0431	7.94328e-014	0.000169769
0.0119432	0	0.00542125	0.00525207	0.00533666	16.9185	1e-013	0.000176272
0.0189287	0	0.00949492	0.00921799	0.00935646	27.6928	1e-014	9.43145e-005
0.0189287	0	0.00946694	0.00919027	0.0093286	27.667	1.25893e-014	9.47886e-005
0.0189287	0	0.00943188	0.00915553	0.00929371	27.6346	1.58489e-014	9.53877e-005
0.0189287	0	0.00938803	0.0091121	0.00925006	27.5939	1.99526e-014	9.61452e-005
0.0189287	0	0.00933329	0.00905787	0.00919558	27.5427	2.51189e-014	9.7104e-005
0.0189287	0	0.00926508	0.00899029	0.00912768	27.4785	3.16228e-014	9.83197e-005
0.0189287	0	0.0091803	0.00890632	0.00904331	27.3979	3.98107e-014	9.98634e-005
0.0189287	0	0.00907527	0.0088023	0.00893878	27.2969	5.01187e-014	0.000101828
0.0189287	0	0.00894567	0.00867397	0.00880982	27.1704	6.30957e-014	0.000104336
0.0189287	0	0.00878656	0.00851643	0.00865149	27.0123	7.94328e-014	0.000107547
0.0189287	0	0.00859239	0.00832424	0.00845831	26.815	1e-013	0.000111677
0.03	0	0.0150482	0.0146093	0.0148288	43.8894	1e-014	5.965e-005
0.03	0	0.0150039	0.0145654	0.0147846	43.8486	1.25893e-014	5.99502e-005
0.03	0	0.0149483	0.0145103	0.0147293	43.7972	1.58489e-014	6.03297e-005
0.03	0	0.0148788	0.0144415	0.0146601	43.7327	1.99526e-014	6.08094e-005
0.03	0	0.0147921	0.0143555	0.0145738	43.6516	2.51189e-014	6.14168e-005
0.03	0	0.0146839	0.0142484	0.0144662	43.5498	3.16228e-014	6.21867e-005
0.03	0	0.0145496	0.0141154	0.0143325	43.4221	3.98107e-014	6.31646e-005
0.03	0	0.0143831	0.0139505	0.0141668	43.262	5.01187e-014	6.44092e-005
0.03	0	0.0141777	0.0137471	0.0139624	43.0616	6.30957e-014	6.59978e-005
0.03	0	0.0139255	0.0134974	0.0137115	42.811	7.94328e-014	6.80322e-005
0.03	0	0.0136178	0.0131928	0.0134053	42.4982	1e-013	7.06487e-005
0.0475468	0	0.0238499	0.0231543	0.0235021	69.5603	1e-014	3.76926e-005
0.0475468	0	0.0237796	0.0230847	0.0234321	69.4956	1.25893e-014	3.78825e-005
0.0475468	0	0.0236916	0.0229974	0.0233445	69.4142	1.58489e-014	3.81225e-005
0.0475468	0	0.0235814	0.0228883	0.0232349	69.3119	1.99526e-014	3.84259e-005
0.0475468	0	0.0234439	0.0227521	0.023098	69.1834	2.51189e-014	3.881e-005
0.0475468	0	0.0232726	0.0225824	0.0229275	69.0221	3.16228e-014	3.9297e-005
0.0475468	0	0.0230596	0.0223714	0.0227155	68.8197	3.98107e-014	3.99155e-005
0.0475468	0	0.0227958	0.0221101	0.022453	68.566	5.01187e-014	4.07028e-005
0.0475468	0	0.0224703	0.0217878	0.022129	68.2484	6.30957e-014	4.17076e-005
0.0475468	0	0.0220706	0.0213921	0.0217313	67.8512	7.94328e-014	4.29945e-005
0.0475468	0	0.0215829	0.0209093	0.0212461	67.3554	1e-013	4.46497e-005
0.0753566	0	0.0377996	0.0366971	0.0372484	110.246	1e-014	2.38048e-005
0.0753566	0	0.0376882	0.0365868	0.0371375	110.143	1.25893e-014	2.39248e-005
0.0753566	0	0.0375486	0.0364485	0.0369986	110.014	1.58489e-014	2.40764e-005
0.0753566	0	0.0373741	0.0362756	0.0368248	109.852	1.99526e-014	2.42682e-005
0.0753566	0	0.0371562	0.0360597	0.0366079	109.648	2.51189e-014	2.45109e-005
0.0753566	0	0.0368846	0.0357907	0.0363376	109.393	3.16228e-014	2.48187e-005
0.0753566	0	0.0365471	0.0354564	0.0360017	109.072	3.98107e-014	2.52095e-005
0.0753566	0	0.0361289	0.0350422	0.0355856	108.67	5.01187e-014	2.5707e-005
0.0753566	0	0.035613	0.0345314	0.0350722	108.166	6.30957e-014	2.6342e-005
0.0753566	0	0.0349796	0.0339042	0.0344419	107.537	7.94328e-014	2.71553e-005
0.0753566	0	0.0342066	0.0331391	0.0336728	106.751	1e-013	2.82014e-005
0.119432	0	0.0599069	0.0581597	0.0590333	174.724	1e-014	1.50291e-005
0.119432	0	0.0597304	0.0579848	0.0588576	174.561	1.25893e-014	1.51049e-005
0.119432	0	0.0595092	0.0577656	0.0586374	174.357	1.58489e-014	1.52006e-005
0.119432	0	0.0592325	0.0574916	0.0583621	174.1	1.99526e-014	1.53218e-005
0.119432	0	0.0588872	0.0571494	0.0580183	173.777	2.51189e-014	1.54751e-005
0.119432	0	0.0584568	0.0567231	0.0575899	173.372	3.16228e-014	1.56694e-005
0.119432	0	0.0579219	0.0561932	0.0570575	172.863	3.98107e-014	1.59163e-005
0.119432	0	0.0572592	0.0555369	0.056398	172.226	5.01187e-014	1.62305e-005
0.119432	0	0.0564415	0.0547272	0.0555844	171.428	6.30957e-014	1.66316e-005
0.119432	0	0.0554376	0.0537333	0.0545854	170.431	7.94328e-014	1.71452e-005
0.119432	0	0.0542125	0.0525207	0.0533666	169.185	1e-013	1.7806e-005
0.189287	0	0.0949492	0.0921799	0.0935646	276.928	1e-014	9.48596e-006
0.189287	0	0.0946694	0.0919027	0.093286	276.67	1.25893e-014	9.5338e-006
0.189287	0	0.0943188	0.0915553	0.0929371	276.346	1.58489e-014	9.59427e-006
0.189287	0	0.0938803	0.091121	0.0925006	275.939	1.99526e-014	9.67072e-006
0.189287	0	0.0933329	0.0905787	0.0919558	275.427	2.51189e-014	9.7675e-006
0.189287	0	0.0926508	0.0899029	0.0912768	274.785	3.16228e-014	9.89021e-006
0.189287	0	0.091803	0.0890632	0.0904331	273.979	3.98107e-014	1.00461e-005
0.189287	0	0.0907527	0.088023	0.0893878	272.969	5.01187e-014	1.02444e-005
0.189287	0	0.0894567	0.0867397	0.0880982	271.704	6.30957e-014	1.04976e-005
0.189287	0	0.0878656	0.0851643	0.0865149	270.123	7.94328e-014	1.0822e-005
0.189287	0	0.0859239	0.0832424	0.0845831	268.15	1e-013	1.12391e-005
0.3	0	0.150482	0.146093	0.148288	438.894	1e-014	5.98674e-006
0.3	0	0.150039	0.145654	0.147846	438.486	1.25893e-014	6.01694e-006
0.3	0	0.149483	0.145103	0.147293	437.972	1.58489e-014	6.05511e-006
0.3	0	0.148788	0.144415	0.146601	437.327	1.99526e-014	6.10336e-006
0.3	0	0.147921	0.143555	0.145738	436.516	2.51189e-014	6.16445e-006
0.3	0	0.146839	0.142484	0.144662	435.498	3.16228e-014	6.24191e-006
0.3	0	0.145496	0.141154	0.143325	434.221	3.98107e-014	6.34028e-006
0.3	0	0.143831	0.139505	0.141668	432.62	5.01187e-014	6.4655e-006
0.3	0	0.141777	0.137471	0.139624	430.616	6.30957e-014	6.62533e-006
0.3	0	0.139255	0.134974	0.137115	428.11	7.94328e-014	6.83004e-006
0.3	0	0.136178	0.131928	0.134053	424.982	1e-013	7.09336e-006
0.475468	0	0.238499	0.231543	0.235021	695.603	1e-014	3.77792e-006
0.475468	0	0.237796	0.230847	0.234321	694.956	1.25893e-014	3.79699e-006
0.475468	0	0.236916	0.229974	0.233445	694.142	1.58489e-014	3.82107e-006
0.475468	0	0.235814	0.228883	0.232349	693.119	1.99526e-014	3.85153e-006
0.475468	0	0.234439	0.227521	0.23098	691.834	2.51189e-014	3.89008e-006
0.475468	0	0.232726	0.225824	0.229275	690.221	3.16228e-014	3.93896e-006
0.475468	0	0.230596	0.223714	0.227155	688.197	3.98107e-014	4.00105e-006
0.475468	0	0.227958	0.221101	0.22453	685.66	5.01187e-014	4.08007e-006
0.475468	0	0.224703	0.217878	0.22129	682.484	6.30957e-014	4.18094e-006
0.475468	0	0.220706	0.213921	0.217313	678.512	7.94328e-014	4.31014e-006
0.475468	0	0.215829	0.209093	0.212461	673.554	1e-013	4.47633e-006
0.753566	0	0.377996	0.366971	0.372484	1102.46	1e-014	2.38393e-006
0.753566	0	0.376882	0.365868	0.371375	1101.43	1.25893e-014	2.39596e-006
0.753566	0	0.375486	0.364485	0.369986	1100.14	1.58489e-014	2.41116e-006
0.753566	0	0.373741	0.362756	0.368248	1098.52	1.99526e-014	2.43038e-006
0.753566	0	0.371562	0.360597	0.366079	1096.48	2.51189e-014	2.45471e-006
0.753566	0	0.368846	0.357907	0.363376	1093.93	3.16228e-014	2.48556e-006
0.753566	0	0.365471	0.354564	0.360017	1090.72	3.98107e-014	2.52473e-006
0.753566	0	0.361289	0.350422	0.355856	1086.7	5.01187e-014	2.5746e-006
0.753566	0	0.35613	0.345314	0.350722	1081.66	6.30957e-014	2.63826e-006
0.753566	0	0.349796	0.339042	0.344419	1075.37	7.94328e-014	2.71979e-006
0.753566	0	0.342066	0.331391	0.336728	1067.51	1e-013	2.82466e-006
1.19432	0	0.599069	0.581597	0.590333	1747.24	1e-014	1.50428e-006
1.19432	0	0.597304	0.579848	0.588576	1745.61	1.25893e-014	1.51187e-006
1.19432	0	0.595092	0.577656	0.586374	1743.57	1.58489e-014	1.52147e-006
1.19432	0	0.592325	0.574916	0.583621	1741	1.99526e-014	1.53359e-006
1.19432	0	0.588872	0.571494	0.580183	1737.77	2.51189e-014	1.54895e-006
1.19432	0	0.584568	0.567231	0.575899	1733.72	3.16228e-014	1.56841e-006
1.19432	0	0.579219	0.561932	0.570575	1728.63	3.98107e-014	1.59313e-006
1.19432	0	0.572592	0.555369	0.56398	1722.26	5.01187e-014	1.6246e-006
1.19432	0	0.564415	0.547272	0.555844	1714.28	6.30957e-014	1.66477e-006
1.19432	0	0.554376	0.537333	0.545854	1704.31	7.94328e-014	1.71622e-006
1.19432	0	0.542125	0.525207	0.533666	1691.85	1e-013	1.7824e-006
1.89287	0	0.949492	0.921799	0.935646	2769.28	1e-014	9.49143e-007
1.89287	0	0.946694	0.919027	0.93286	2766.7	1.25893e-014	9.53932e-007
1.89287	0	0.943188	0.915553	0.929371	2763.46	1.58489e-014	9.59984e-007
1.89287	0	0.938803	0.91121	0.925006	2759.39	1.99526e-014	9.67637e-007
1.89287	0	0.933329	0.905787	0.919558	2754.27	2.51189e-014	9.77324e-007
1.89287	0	0.926508	0.899029	0.912768	2747.85	3.16228e-014	9.89607e-007
1.89287	0	0.91803	0.890632	0.904331	2739.79	3.98107e-014	1.00521e-006
1.89287	0	0.907527	0.88023	0.893878	2729.69	5.01187e-014	1.02506e-006
1.89287	0	0.894567	0.867397	0.880982	2717.04	6.30957e-014	1.05041e-006
1.89287	0	0.878656	0.851643	0.865149	2701.23	7.94328e-014	1.08287e-006
1.89287	0	0.859239	0.832424	0.845831	2681.5	1e-013	1.12463e-006
3	0	1.50482	1.46093	1.48288	4388.94	1e-014	5.98892e-007
3	0	1.50039	1.45654	1.47846	4384.86	1.25893e-014	6.01914e-007
3	0	1.49483	1.45103	1.47293	4379.72	1.58489e-014	6.05733e-007
3	0	1.48788	1.44415	1.46601	4373.27	1.99526e-014	6.10561e-007
3	0	1.47921	1.43555	1.45738	4365.16	2.51189e-014	6.16674e-007
3	0	1.46839	1.42484	1.44662	4354.98	3.16228e-014	6.24424e-007
3	0	1.45496	1.41154	1.43325	4342.21	3.98107e-014	6.34267e-007
3	0	1.43831	1.39505	1.41668	4326.2	5.01187e-014	6.46796e-007
3	0	1.41777	1.37471	1.39624	4306.16	6.30957e-014	6.62789e-007
3	0	1.39255	1.34974	1.37115	4281.1	7.94328e-014	6.83273e-007
3	0	1.36178	1.31928	1.34053	4249.82	1e-013	7.09622e-007
